2
2020-02-12 11:54:50.935790 
1979-04-30 00:00:00
0 
0 
1 
4 
278 
82254.86478482767 
1323 
2600 
0.1 
0.5 
1.0 
1.0 
1.0 
1.0 
1.0 
12000 
20000 
-0.0065 
0 
0.002 
10 
1.6 
2 
0 
2 
3 
0 
0 
0 
1.2096126599221986 
2.356433765309374 
0.9055332213192032 
0.42549151363191473 
1666.0 
0 
0 
0 
0 
0 
0 
0 
0 
30 
0 
1 
0 
1 
0 
0 
0 
0 
0 
1 
0 
1 
0 
0 
0 
0 
0 
0 
0 
0 
0 
1 
0 
1 
0 
1 
0 
1 
0 
0 
0 
0
1
1
1
1
1
1
1
0
0
0
0
0
0
0
0
0
0
0
0
0
99
99
99
99
99
99
99
99
-1
-1
-1
-1
-1
-1
-1
-1
-1
-1
-1
-1
-1
-1
-1
-1
-1
-1
-1
-1
-1
-1
0
1
0
1
0
1
0
1
0
1
0
1
0
1
0
1
-1
1
0
0
0
0
1
-1
0
0
0
0
0
0
0
0
0
0
1
2
2
1.0
2020-02-12 17:01:55
2020-02-12 17:06:55
0
0
0
5.0
1
3.0
12666.0
0
1
1
